2 0.823234 0.510443 0.309235 0.499582 1
0 0.092980 0.607352 0.161722 0.205514 1
0 0.225867 0.566416 0.114919 0.160401 1
0 0.309653 0.560986 0.056832 0.084378 1
0 0.355621 0.533417 0.056832 0.091061 1
0 0.427288 0.531746 0.031341 0.047619 1
0 0.457794 0.523810 0.016298 0.041771 0
0 0.475972 0.520886 0.017551 0.035923 0
0 0.491851 0.525063 0.016715 0.039265 0
0 0.642290 0.517962 0.016715 0.026734 0
0 0.625784 0.519215 0.014626 0.032581 0
0 0.670079 0.520886 0.016298 0.037594 1
0 0.592144 0.510025 0.021730 0.020886 1
0 0.574593 0.508354 0.016715 0.015873 1
0 0.501254 0.510025 0.012119 0.014202 1
0 0.548266 0.509190 0.024237 0.020886 1
6 0.556206 0.508354 0.004179 0.017544 1
9 0.581906 0.458647 0.002925 0.011696 0
