2 0.706708 0.500831 0.163086 0.272425 1
0 0.920649 0.584718 0.146427 0.176080 1
0 0.818939 0.539037 0.078913 0.127907 0
0 0.078036 0.588040 0.143797 0.234219 0
0 0.217887 0.555648 0.096449 0.139535 1
0 0.302499 0.536545 0.064007 0.117940 0
0 0.350285 0.536130 0.028935 0.087209 0
0 0.386015 0.518688 0.046909 0.063953 0
0 0.433582 0.514120 0.032442 0.048173 0
0 0.459448 0.512874 0.015783 0.044020 0
0 0.475888 0.506645 0.014467 0.041528 0
0 0.486629 0.505814 0.011399 0.038206 0
0 0.572556 0.498339 0.022797 0.023256 0
7 0.300088 0.585133 0.043402 0.198505 1
5 0.293950 0.656977 0.105655 0.162791 0
0 0.536826 0.495847 0.031127 0.024917 1
0 0.498466 0.501246 0.013152 0.015781 1
0 0.625603 0.505814 0.012275 0.024917 1
0 0.615300 0.505399 0.010083 0.022425 1
9 0.579132 0.451827 0.003507 0.013289 0
