7 0.121951 0.716599 0.085366 0.153846 1
5 0.132622 0.757085 0.076220 0.161943 1
0 0.400915 0.757085 0.204268 0.202429 1
0 0.321646 0.734818 0.137195 0.174089 0
0 0.312500 0.682186 0.100610 0.101215 0
6 0.925305 0.726721 0.033537 0.060729 0
2 0.710366 0.694332 0.341463 0.165992 0
8 0.807927 0.368421 0.115854 0.153846 1
8 0.803354 0.522267 0.051829 0.072874 1
8 0.778963 0.587045 0.033537 0.040486 0
8 0.754573 0.599190 0.027439 0.040486 0
8 0.751524 0.382591 0.045732 0.060729 1
8 0.806402 0.386640 0.045732 0.068826 1
8 0.862805 0.378543 0.048780 0.060729 1
