0 0.919764 0.490667 0.153716 0.618667 0
0 0.801520 0.462667 0.096284 0.370667 0
0 0.733108 0.450667 0.185811 0.405333 0
0 0.644426 0.338667 0.167230 0.277333 0
0 0.426520 0.526667 0.305743 0.402667 0
0 0.380068 0.282667 0.222973 0.170667 0
0 0.184122 0.522667 0.351351 0.741333 0
9 0.386824 0.114667 0.033784 0.085333 1
9 0.833615 0.130667 0.028716 0.101333 1
8 0.905405 0.078667 0.037162 0.066667 1
8 0.946791 0.078667 0.035473 0.061333 1
8 0.903716 0.138667 0.033784 0.042667 1
8 0.945946 0.134667 0.027027 0.040000 1
8 0.265203 0.106667 0.020270 0.069333 1
8 0.359797 0.114667 0.023649 0.053333 1
8 0.235642 0.110667 0.028716 0.056000 1
8 0.695946 0.176000 0.040541 0.064000 0
9 0.810811 0.134667 0.020270 0.093333 0
