4 0.810156 0.744531 0.370312 0.398438 0
6 0.755469 0.494531 0.114062 0.245312 1
6 0.334375 0.481250 0.071875 0.221875 1
6 0.189062 0.505469 0.100000 0.257812 1
6 0.228906 0.432031 0.051562 0.107813 1
6 0.102344 0.446875 0.032813 0.103125 1
6 0.064844 0.428906 0.029687 0.070312 1
6 0.033594 0.452344 0.029687 0.104688 1
6 0.402344 0.450000 0.039062 0.153125 1
6 0.275781 0.457031 0.032813 0.123438 0
6 0.311719 0.435156 0.023438 0.101562 0
0 0.894531 0.498437 0.189062 0.271875 0
1 0.927344 0.342187 0.142187 0.090625 0
1 0.790625 0.359375 0.106250 0.068750 0
9 0.701562 0.312500 0.021875 0.059375 0
