7 0.246111 0.678339 0.076667 0.219870 1
7 0.389444 0.655537 0.021111 0.076547 1
7 0.502222 0.640879 0.017778 0.057003 1
4 0.253333 0.746743 0.095556 0.144951 1
4 0.386667 0.675896 0.020000 0.039088 0
4 0.502778 0.661238 0.016667 0.035831 0
6 0.535556 0.641694 0.015556 0.045603 1
6 0.433889 0.636808 0.012222 0.048860 1
6 0.584444 0.641694 0.011111 0.042345 0
6 0.363333 0.652280 0.020000 0.099349 1
6 0.699444 0.638436 0.010000 0.048860 0
5 0.719444 0.665309 0.023333 0.047231 0
0 0.554444 0.635993 0.017778 0.024430 0
