0 0.370312 0.573148 0.101042 0.137037 1
0 0.449219 0.527778 0.032813 0.064815 1
0 0.235937 0.531944 0.047917 0.060185 1
0 0.265885 0.514352 0.046354 0.047222 0
0 0.205469 0.517130 0.039062 0.047222 0
0 0.332292 0.516204 0.039583 0.028704 0
0 0.424740 0.518056 0.022396 0.052778 0
9 0.433854 0.459722 0.007292 0.026852 1
0 0.132292 0.513426 0.038542 0.030556 0
0 0.676562 0.513426 0.061458 0.041667 0
0 0.500260 0.507870 0.008854 0.015741 1
0 0.467448 0.506944 0.006771 0.010185 1
0 0.489063 0.508333 0.007292 0.012963 1
0 0.481771 0.504630 0.005208 0.009259 1
0 0.473177 0.504167 0.004687 0.010185 0
0 0.508073 0.502778 0.005729 0.011111 0
