0 0.752107 0.529915 0.094101 0.123932 1
0 0.464888 0.516026 0.061798 0.083333 1
0 0.510534 0.504274 0.051966 0.081197 0
0 0.885534 0.493590 0.110955 0.076923 0
0 0.834972 0.490385 0.060393 0.057692 0
0 0.815309 0.467949 0.054775 0.047009 0
0 0.200843 0.560897 0.171348 0.126068 1
8 0.167135 0.643162 0.092697 0.119658 1
8 0.155197 0.231838 0.125000 0.173077 1
0 0.635534 0.481838 0.029494 0.027778 1
0 0.594101 0.486111 0.042135 0.027778 0
0 0.675562 0.478632 0.014045 0.017094 1
0 0.691713 0.478632 0.009831 0.017094 1
