0 0.501563 0.566667 0.150000 0.222222 1
0 0.684375 0.506944 0.075000 0.130556 1
0 0.070312 0.521528 0.134375 0.137500 0
0 0.597266 0.491667 0.022656 0.044444 0
0 0.612891 0.497917 0.016406 0.051389 0
0 0.619531 0.504167 0.015625 0.055556 0
0 0.632031 0.513889 0.031250 0.072222 0
0 0.870313 0.688194 0.246875 0.570833 0
9 0.642188 0.228472 0.018750 0.073611 1
9 0.340625 0.056944 0.028125 0.111111 1
0 0.436328 0.495139 0.030469 0.065278 1
9 0.371094 0.063194 0.021875 0.098611 0
9 0.323047 0.063194 0.017969 0.098611 0
9 0.626563 0.227778 0.015625 0.063889 0
9 0.657813 0.229861 0.014063 0.062500 0
