0 0.693750 0.788194 0.190625 0.229167 1
0 0.869141 0.830556 0.255469 0.305556 0
0 0.052734 0.672917 0.100781 0.104167 0
0 0.123438 0.659028 0.048438 0.084722 0
0 0.159375 0.659028 0.032813 0.062500 0
0 0.183203 0.659722 0.019531 0.061111 0
0 0.397266 0.694444 0.067969 0.141667 0
5 0.204687 0.691667 0.040625 0.077778 0
0 0.273438 0.674306 0.031250 0.031944 0
7 0.456641 0.691667 0.014844 0.063889 0
4 0.458594 0.705556 0.017188 0.044444 0
8 0.396094 0.445139 0.026562 0.043056 1
0 0.357031 0.683333 0.015625 0.019444 1
0 0.301172 0.681250 0.013281 0.018056 1
