0 0.517188 0.500694 0.165625 0.279167 1
2 0.410547 0.435417 0.049219 0.093056 1
6 0.159766 0.488194 0.021094 0.112500 1
6 0.134375 0.486806 0.028125 0.131944 1
6 0.112500 0.505556 0.021875 0.094444 1
9 0.426563 0.147222 0.051562 0.086111 1
9 0.778516 0.102778 0.028906 0.108333 1
8 0.724609 0.368056 0.022656 0.050000 1
6 0.308203 0.455556 0.021094 0.058333 1
0 0.196875 0.461806 0.034375 0.054167 0
9 0.098047 0.368056 0.030469 0.047222 0
9 0.457031 0.259722 0.025000 0.027778 1
9 0.536328 0.260417 0.027344 0.029167 1
8 0.726562 0.319444 0.015625 0.055556 1
8 0.085938 0.333333 0.035937 0.025000 1
0 0.435937 0.452778 0.023438 0.041667 0
