9 0.450000 0.261165 0.043750 0.102913 1
6 0.564063 0.833010 0.068750 0.198058 1
0 0.212500 0.857282 0.156250 0.130097 0
0 0.308594 0.822330 0.114062 0.133981 0
0 0.412500 0.835922 0.078125 0.083495 0
0 0.509375 0.835922 0.059375 0.056311 0
0 0.878125 0.837864 0.156250 0.133981 0
0 0.815625 0.814563 0.150000 0.133981 0
0 0.735938 0.818447 0.068750 0.106796 0
0 0.696875 0.812621 0.059375 0.099029 0
0 0.053125 0.842718 0.078125 0.143689 0
0 0.100000 0.818447 0.056250 0.102913 0
0 0.460938 0.850485 0.031250 0.027184 1
0 0.619531 0.838835 0.035937 0.034951 1
