9 0.421094 0.179861 0.018750 0.093056 1
9 0.398047 0.185417 0.024219 0.090278 0
6 0.656641 0.648611 0.102344 0.380556 1
6 0.940625 0.695139 0.093750 0.551389 1
6 0.833984 0.545139 0.030469 0.131944 1
6 0.111328 0.616667 0.016406 0.075000 1
6 0.089844 0.622917 0.012500 0.068056 1
0 0.287500 0.600000 0.145313 0.083333 1
0 0.185156 0.613889 0.125000 0.080556 1
0 0.561719 0.559722 0.107813 0.058333 1
0 0.723047 0.542361 0.114844 0.070833 1
9 0.466797 0.100000 0.025781 0.086111 0
8 0.050781 0.513194 0.032813 0.056944 1
0 0.471484 0.571528 0.097656 0.076389 1
8 0.400391 0.498611 0.016406 0.030556 1
9 0.227734 0.370833 0.011719 0.044444 1
