6 0.423358 0.669299 0.022384 0.104640 1
6 0.714599 0.678677 0.027737 0.117473 1
6 0.782482 0.661402 0.033090 0.096742 1
6 0.917032 0.654985 0.039416 0.156960 1
0 0.531144 0.682132 0.072506 0.102665 0
0 0.499027 0.653504 0.021898 0.053307 0
0 0.468370 0.645607 0.029684 0.047384 0
0 0.436740 0.647581 0.020925 0.033564 0
6 0.289538 0.669793 0.027251 0.109576 1
0 0.303650 0.659427 0.037956 0.063179 0
0 0.272263 0.648569 0.027737 0.049358 0
8 0.334063 0.509378 0.028710 0.061204 1
8 0.368127 0.559230 0.014112 0.036525 1
0 0.338686 0.644620 0.020438 0.033564 1
