6 0.362441 0.514776 0.077934 0.213537 1
6 0.185681 0.423260 0.066197 0.162059 0
6 0.949296 0.632507 0.063850 0.193518 0
6 0.967606 0.491420 0.049765 0.340324 1
0 0.288498 0.343184 0.100939 0.160153 1
0 0.339437 0.335558 0.029108 0.099142 0
0 0.355869 0.326025 0.022535 0.083889 0
0 0.099296 0.469495 0.194836 0.450906 0
0 0.376526 0.320305 0.020657 0.045758 1
0 0.399531 0.317922 0.017840 0.027645 1
6 0.880986 0.391325 0.007981 0.060057 0
6 0.895775 0.391802 0.010329 0.059104 0
6 0.911502 0.396568 0.016432 0.072450 0
6 0.941080 0.403718 0.007042 0.054337 0
6 0.947183 0.402288 0.007042 0.047664 0
6 0.425352 0.320782 0.009390 0.027645 0
