0 0.615822 0.569843 0.150101 0.155412 0
10 0.716836 0.585106 0.015416 0.065680 1
10 0.734483 0.588344 0.009331 0.068455 1
0 0.835700 0.561517 0.085193 0.170213 0
9 0.526978 0.307586 0.018661 0.063830 1
9 0.496349 0.281684 0.019067 0.069380 1
9 0.554767 0.313599 0.015010 0.055504 1
9 0.672211 0.335800 0.018661 0.079556 1
9 0.687627 0.335338 0.017039 0.082331 1
8 0.107708 0.392229 0.039351 0.114709 1
0 0.297160 0.571230 0.029615 0.037928 0
0 0.377079 0.562442 0.015822 0.022202 0
8 0.780122 0.323312 0.044625 0.182239 1
8 0.582150 0.282146 0.037323 0.040703 1
