2 0.440751 0.511840 0.109414 0.329690 1
2 0.177126 0.556466 0.067713 0.129326 1
2 0.067300 0.525046 0.133774 0.232240 1
0 0.526424 0.581056 0.033031 0.052823 0
0 0.379026 0.593352 0.056978 0.117486 0
0 0.824525 0.578780 0.080099 0.113843 0
0 0.645747 0.582423 0.076796 0.097450 0
8 0.039430 0.250911 0.060694 0.108379 1
8 0.110652 0.232696 0.066061 0.106557 1
8 0.194880 0.221767 0.082576 0.119308 1
8 0.281792 0.551913 0.030966 0.083789 1
10 0.212634 0.671676 0.015690 0.095628 1
10 0.229769 0.675319 0.018580 0.084699 1
10 0.251032 0.675319 0.019818 0.088342 1
