6 0.321517 0.584967 0.053586 0.180828 0
6 0.616447 0.532135 0.035037 0.208061 1
6 0.769992 0.571895 0.035449 0.241830 1
0 0.133347 0.687364 0.262572 0.546841 0
0 0.263603 0.488017 0.046579 0.100218 0
0 0.947032 0.657952 0.090272 0.372549 0
0 0.641385 0.544662 0.132729 0.191721 0
0 0.575845 0.508170 0.056884 0.120915 0
0 0.544518 0.504902 0.045342 0.116558 0
5 0.415911 0.476035 0.008244 0.039216 1
7 0.416117 0.466776 0.007832 0.020697 1
0 0.518137 0.481481 0.044518 0.076253 1
0 0.487428 0.474946 0.015251 0.043573 1
6 0.454452 0.471678 0.007832 0.034858 1
6 0.448063 0.463508 0.005771 0.025054 1
6 0.362737 0.484749 0.009893 0.063181 1
