6 0.418925 0.771150 0.084202 0.438178 0
6 0.826178 0.577007 0.043351 0.416486 1
0 0.810754 0.552061 0.186744 0.312364 0
0 0.680492 0.523319 0.102126 0.226681 0
0 0.623385 0.484816 0.095456 0.167028 0
0 0.556273 0.459328 0.059608 0.113883 0
0 0.587536 0.495662 0.066278 0.112798 0
0 0.515215 0.443601 0.025844 0.093275 0
0 0.179450 0.495662 0.132138 0.173536 0
6 0.368070 0.466920 0.013339 0.074837 1
6 0.474990 0.443059 0.005419 0.033623 1
6 0.467695 0.438178 0.006669 0.034707 1
6 0.478533 0.440347 0.007503 0.028200 1
5 0.431013 0.466377 0.010004 0.036876 0
7 0.428095 0.443059 0.008337 0.031453 1
