7 0.207610 0.595420 0.066170 0.340240 1
5 0.185691 0.682116 0.237386 0.317339 1
9 0.447891 0.320611 0.021505 0.080698 1
9 0.495658 0.316249 0.013648 0.071974 1
9 0.522539 0.316794 0.016956 0.051254 1
9 0.545285 0.316249 0.014475 0.082879 1
2 0.319479 0.514177 0.083954 0.125409 1
8 0.593879 0.387677 0.042184 0.062159 1
8 0.627998 0.483642 0.014475 0.086150 1
9 0.779983 0.494002 0.011580 0.061069 0
8 0.390199 0.469466 0.013648 0.040349 1
8 0.337676 0.452563 0.023573 0.032715 0
0 0.254963 0.543075 0.041770 0.056707 1
