0 0.524099 0.587177 0.082565 0.204724 1
0 0.425608 0.551744 0.044007 0.102362 1
8 0.578164 0.363330 0.024728 0.092238 1
8 0.544426 0.446569 0.009220 0.044994 1
8 0.570201 0.453318 0.013831 0.031496 1
8 0.533529 0.469066 0.008382 0.033746 1
8 0.527242 0.481440 0.005868 0.024747 1
8 0.522632 0.487064 0.004191 0.017998 1
8 0.347653 0.379640 0.018860 0.086614 0
8 0.430218 0.453318 0.011316 0.049494 0
8 0.452221 0.476940 0.010059 0.035996 0
8 0.465633 0.483127 0.005868 0.025872 0
8 0.475901 0.493813 0.004610 0.024747 0
