9 0.312500 0.212500 0.062500 0.175000 1
0 0.814844 0.910417 0.170313 0.158333 1
0 0.775000 0.888542 0.109375 0.143750 0
0 0.705469 0.896875 0.064062 0.135417 0
0 0.661719 0.900000 0.060937 0.075000 0
0 0.652344 0.884375 0.076563 0.093750 0
0 0.433594 0.886458 0.023438 0.022917 0
0 0.383594 0.885417 0.029687 0.033333 0
0 0.356250 0.888542 0.028125 0.031250 0
0 0.312500 0.884375 0.059375 0.052083 0
0 0.228125 0.891667 0.062500 0.079167 0
0 0.155469 0.890625 0.079687 0.093750 0
0 0.076563 0.890625 0.090625 0.164583 0
0 0.018750 0.869792 0.034375 0.214583 0
0 0.537500 0.881250 0.025000 0.020833 0
0 0.465625 0.879167 0.015625 0.016667 0
0 0.489063 0.883333 0.018750 0.025000 0
9 0.535937 0.837500 0.009375 0.020833 0
8 0.979688 0.631250 0.028125 0.108333 1
