0 0.585280 0.711719 0.254673 0.164062 0
0 0.449766 0.710938 0.063084 0.106250 0
0 0.176402 0.717187 0.203271 0.118750 0
0 0.299065 0.703125 0.070093 0.084375 0
0 0.334112 0.706250 0.060748 0.093750 0
0 0.363318 0.694531 0.067757 0.073438 0
1 0.327103 0.647656 0.191589 0.154688 0
1 0.563084 0.621094 0.177570 0.048438 0
7 0.779206 0.700000 0.119159 0.175000 1
7 0.219626 0.696094 0.088785 0.157812 1
4 0.765187 0.748437 0.250000 0.121875 1
4 0.202103 0.741406 0.292056 0.120313 1
9 0.896028 0.553906 0.081776 0.104688 1
9 0.466121 0.083594 0.072430 0.120313 0
8 0.929907 0.694531 0.074766 0.060937 1
