7 0.311157 0.388435 0.027273 0.129673 0
5 0.310950 0.410631 0.020248 0.082944 0
5 0.553306 0.648949 0.197521 0.227804 0
7 0.837397 0.316589 0.058264 0.266355 0
5 0.832231 0.394276 0.100000 0.204439 0
8 0.320868 0.231893 0.042562 0.066589 0
8 0.085950 0.242991 0.024793 0.088785 0
8 0.477893 0.278037 0.011157 0.016355 0
8 0.264669 0.275701 0.017769 0.044393 0
8 0.308678 0.289720 0.009917 0.023364 0
8 0.333884 0.285631 0.009091 0.031542 0
8 0.354339 0.290304 0.009504 0.036215 0
8 0.368595 0.294977 0.009091 0.029206 0
8 0.388430 0.294977 0.006612 0.012850 0
8 0.412397 0.300234 0.007438 0.018692 0
8 0.402479 0.300818 0.006612 0.019860 0
8 0.419628 0.299650 0.006198 0.019860 0
8 0.425207 0.301986 0.004959 0.012850 0
