7 0.369979 0.359884 0.013665 0.061628 0
5 0.369772 0.396512 0.021532 0.058140 0
7 0.173085 0.516860 0.047205 0.470930 1
7 0.133747 0.473256 0.046377 0.437209 1
5 0.185093 0.649419 0.186335 0.408140 1
5 0.773913 0.352326 0.084472 0.158140 0
8 0.151346 0.242442 0.025259 0.075581 0
8 0.361905 0.230233 0.044720 0.072093 0
8 0.373706 0.283721 0.012008 0.030233 0
8 0.390683 0.290698 0.008696 0.030233 0
8 0.407039 0.291860 0.012422 0.032558 0
8 0.425052 0.295930 0.009524 0.024419 0
8 0.454451 0.298256 0.003727 0.010465 0
8 0.460248 0.298256 0.003727 0.010465 0
8 0.463768 0.299419 0.003313 0.010465 0
8 0.513251 0.276163 0.011180 0.017442 0
