8 0.675000 0.103044 0.196875 0.070258 1
8 0.734375 0.211944 0.115625 0.067916 1
8 0.365625 0.284543 0.025000 0.044496 1
10 0.096875 0.757611 0.040625 0.100703 1
10 0.057813 0.777518 0.043750 0.103044 1
10 0.028125 0.765808 0.034375 0.103044 1
6 0.284375 0.615925 0.050000 0.182670 0
6 0.990625 0.601874 0.018750 0.163934 0
0 0.475000 0.429742 0.100000 0.100703 1
0 0.374219 0.392272 0.089063 0.096019 1
0 0.270313 0.366511 0.062500 0.081967 1
2 0.190625 0.370023 0.115625 0.220141 0
2 0.965625 0.364169 0.065625 0.077283 0
2 0.925000 0.391101 0.131250 0.079625 0
9 0.694531 0.435597 0.123438 0.177986 0
