6 0.139844 0.586085 0.076563 0.332547 1
6 0.217969 0.654481 0.079687 0.290094 0
6 0.339062 0.650943 0.081250 0.320755 0
6 0.294531 0.564858 0.026562 0.153302 0
6 0.404687 0.540094 0.028125 0.169811 1
6 0.436719 0.510613 0.035937 0.139151 0
0 0.518750 0.490566 0.043750 0.066038 1
0 0.834375 0.511792 0.143750 0.127358 1
0 0.709375 0.489387 0.050000 0.049528 1
0 0.642188 0.490566 0.050000 0.056604 1
0 0.585156 0.477594 0.032813 0.040094 1
0 0.977344 0.518868 0.045312 0.113208 0
0 0.673438 0.481132 0.025000 0.037736 0
0 0.563281 0.471698 0.017188 0.028302 0
9 0.035937 0.055425 0.037500 0.106132 0
9 0.093750 0.337264 0.021875 0.070755 0
9 0.595313 0.188679 0.028125 0.117925 1
8 0.545312 0.211085 0.025000 0.040094 1
