4 0.448437 0.693208 0.587500 0.613583 0
4 0.277344 0.716628 0.495312 0.566745 0
4 0.232031 0.642857 0.460938 0.634660 0
0 0.173437 0.419204 0.343750 0.529274 0
0 0.390625 0.114754 0.096875 0.056206 0
0 0.605469 0.084309 0.082812 0.051522 0
0 0.417187 0.112412 0.103125 0.065574 1
0 0.547656 0.107728 0.129688 0.079625 1
0 0.697656 0.158080 0.276562 0.161593 1
0 0.914844 0.146370 0.170313 0.199063 0
9 0.314063 0.056206 0.009375 0.018735 0
1 0.618750 0.060890 0.256250 0.117096 0
6 0.785937 0.076112 0.025000 0.105386 0
6 0.849219 0.065574 0.023438 0.098361 0
6 0.861719 0.059719 0.017188 0.077283 0
