7 0.546205 0.618321 0.082508 0.427481 0
7 0.587459 0.680480 0.084158 0.353326 0
7 0.520833 0.612323 0.039191 0.341330 0
7 0.598804 0.493457 0.017739 0.059978 0
5 0.535685 0.683751 0.115924 0.368593 0
5 0.454208 0.501636 0.008251 0.054526 0
5 0.795792 0.607415 0.085809 0.176663 1
5 0.717822 0.540894 0.046205 0.087241 1
5 0.874381 0.581788 0.054043 0.169029 0
6 0.240718 0.543075 0.025165 0.213740 1
0 0.201939 0.553435 0.149752 0.188659 1
0 0.422855 0.498909 0.025578 0.049073 1
0 0.478548 0.494547 0.019802 0.033806 1
0 0.058993 0.589422 0.117162 0.264995 0
