7 0.669647 0.461623 0.046154 0.289474 0
5 0.680042 0.564693 0.091892 0.236842 0
7 0.482952 0.395285 0.007900 0.047149 0
7 0.425572 0.409539 0.010395 0.077851 0
5 0.458420 0.403509 0.016216 0.072368 0
5 0.483368 0.419956 0.005405 0.041667 0
5 0.421414 0.434759 0.032848 0.073465 0
5 0.067568 0.499452 0.035343 0.141447 0
4 0.116424 0.481360 0.039917 0.116228 0
6 0.126611 0.455044 0.023701 0.192982 1
6 0.191268 0.466009 0.021622 0.179825 1
6 0.127859 0.382127 0.006237 0.058114 0
5 0.213098 0.441338 0.021206 0.082237 0
8 0.279210 0.339364 0.011227 0.033991 1
0 0.301247 0.408991 0.029522 0.061404 1
0 0.340956 0.411184 0.029938 0.063596 1
0 0.385447 0.415570 0.032432 0.067982 1
0 0.405613 0.391996 0.019543 0.051535 0
0 0.749064 0.447368 0.129314 0.166667 0
6 0.931393 0.392544 0.014969 0.092105 1
6 0.953222 0.410088 0.009563 0.114035 1
6 0.836175 0.381031 0.006653 0.058114 0
6 0.841164 0.379934 0.007484 0.055921 0
6 0.801247 0.381031 0.008316 0.051535 0
6 0.533888 0.390351 0.004158 0.037281 0
6 0.600416 0.388158 0.006653 0.057018 0
6 0.630353 0.378838 0.003326 0.031798 0
6 0.634719 0.380482 0.003742 0.030702 0
6 0.880873 0.371162 0.003742 0.042763 0
