8 0.709730 0.048529 0.130803 0.095098 1
8 0.180057 0.130392 0.060557 0.258824 1
0 0.231934 0.559804 0.154623 0.194118 0
0 0.416835 0.461765 0.047235 0.047059 0
0 0.522002 0.432353 0.020186 0.039216 1
0 0.571256 0.419608 0.025030 0.050980 1
0 0.550262 0.414216 0.012111 0.022549 0
0 0.507671 0.427451 0.010900 0.021569 0
9 0.534316 0.369608 0.014937 0.013725 0
2 0.483044 0.401961 0.047235 0.080392 0
0 0.981025 0.285294 0.037949 0.066667 0
6 0.658256 0.391176 0.026241 0.147059 0
7 0.617481 0.461275 0.108599 0.351961 0
4 0.626161 0.616176 0.153411 0.222549 0
