6 0.330469 0.806338 0.176563 0.387324 0
0 0.577344 0.620892 0.126562 0.171362 1
0 0.704688 0.625587 0.103125 0.105634 1
0 0.876563 0.652582 0.237500 0.201878 1
0 0.949219 0.612676 0.082812 0.093897 0
0 0.768750 0.602113 0.075000 0.072770 0
0 0.488281 0.579812 0.032813 0.046948 0
0 0.456250 0.580986 0.043750 0.049296 0
0 0.035156 0.600939 0.067187 0.093897 0
0 0.099219 0.585681 0.045312 0.053991 0
0 0.117188 0.610329 0.053125 0.065728 0
0 0.164062 0.639671 0.090625 0.129108 0
9 0.232031 0.491784 0.020313 0.011737 0
2 0.818750 0.545775 0.112500 0.110329 0
9 0.167187 0.536385 0.006250 0.021127 0
