0 0.331250 0.624306 0.256250 0.343056 1
0 0.564844 0.565278 0.140625 0.180556 1
6 0.669141 0.577083 0.042969 0.256944 1
8 0.628906 0.371528 0.039062 0.081944 1
8 0.631250 0.435417 0.018750 0.034722 1
9 0.665625 0.347917 0.012500 0.051389 0
9 0.682422 0.347917 0.007031 0.054167 0
9 0.678125 0.410417 0.012500 0.051389 0
1 0.369922 0.463194 0.144531 0.226389 0
9 0.230859 0.380556 0.010156 0.050000 0
9 0.188281 0.365278 0.014063 0.036111 0
8 0.737891 0.315972 0.038281 0.059722 1
8 0.811719 0.352778 0.029687 0.100000 1
0 0.209766 0.534722 0.027344 0.033333 1
6 0.701562 0.526389 0.015625 0.083333 1
