7 0.336724 0.526585 0.158698 0.439673 0
5 0.311292 0.673824 0.274669 0.476483 0
7 0.530010 0.432515 0.044761 0.132924 1
5 0.529502 0.490798 0.043744 0.139059 1
9 0.092574 0.247444 0.014242 0.061350 0
0 0.168871 0.480573 0.168871 0.220859 1
1 0.295015 0.326176 0.154629 0.231084 0
0 0.452187 0.393661 0.033571 0.051125 0
0 0.427263 0.393661 0.028484 0.038855 0
0 0.472533 0.400818 0.019329 0.040900 0
0 0.498983 0.373211 0.037640 0.075665 0
6 0.956256 0.468303 0.032553 0.200409 1
6 0.905900 0.421268 0.023398 0.130879 0
6 0.895727 0.415133 0.025432 0.118609 0
