8 0.804245 0.226562 0.250000 0.159375 1
8 0.341981 0.070312 0.207547 0.121875 1
8 0.627358 0.510156 0.047170 0.048438 1
8 0.890330 0.396094 0.106132 0.139063 1
9 0.395047 0.571875 0.025943 0.031250 1
9 0.250000 0.615625 0.028302 0.037500 1
8 0.641509 0.562500 0.023585 0.028125 1
8 0.679245 0.586719 0.023585 0.023438 1
0 0.178066 0.690625 0.091981 0.059375 1
0 0.310142 0.692969 0.101415 0.057813 1
0 0.382075 0.671094 0.047170 0.032813 1
0 0.441038 0.669531 0.033019 0.023438 1
0 0.476415 0.663281 0.023585 0.023438 1
0 0.564858 0.711719 0.134434 0.067187 1
0 0.099057 0.696094 0.051887 0.054688 0
0 0.613208 0.697656 0.070755 0.045312 0
1 0.636792 0.661719 0.127358 0.089063 1
