0 0.137222 0.771285 0.152222 0.146912 1
0 0.338889 0.757930 0.151111 0.150250 1
0 0.502222 0.716194 0.091111 0.086811 1
0 0.433889 0.737896 0.052222 0.123539 0
0 0.237222 0.749583 0.083333 0.133556 0
6 0.714444 0.697830 0.022222 0.096828 1
6 0.871111 0.687813 0.017778 0.073456 1
6 0.907222 0.692821 0.021111 0.070117 1
6 0.803333 0.677796 0.011111 0.033389 0
6 0.830000 0.668614 0.008889 0.025042 0
0 0.670000 0.683639 0.035556 0.055092 0
9 0.669444 0.329716 0.025556 0.091820 1
9 0.856111 0.336394 0.032222 0.101836 1
8 0.895556 0.338898 0.040000 0.060100 1
8 0.800000 0.336394 0.044444 0.065109 1
8 0.749444 0.333055 0.047778 0.068447 1
8 0.701111 0.330551 0.042222 0.056761 1
