7 0.507890 0.686391 0.112426 0.473373 1
7 0.615385 0.681953 0.102564 0.162722 1
7 0.810651 0.687870 0.138067 0.215976 1
6 0.937870 0.677515 0.029586 0.106509 1
9 0.320513 0.594675 0.029586 0.254438 0
6 0.177515 0.652367 0.019724 0.085799 1
6 0.198225 0.662722 0.013807 0.071006 1
6 0.243590 0.671598 0.025641 0.071006 1
6 0.089744 0.661243 0.017751 0.097633 1
6 0.066075 0.667160 0.021696 0.115385 1
6 0.025641 0.652367 0.019724 0.097633 1
6 0.008876 0.652367 0.009862 0.097633 1
6 0.908284 0.677515 0.013807 0.106509 1
6 0.877712 0.681953 0.019724 0.103550 1
8 0.795858 0.568047 0.017751 0.071006 1
9 0.132150 0.559172 0.015779 0.071006 0
8 0.632150 0.600592 0.021696 0.029586 0
