1 0.525641 0.442308 0.278107 0.328402 1
0 0.713018 0.473373 0.092702 0.094675 0
0 0.957594 0.504438 0.084813 0.133136 0
9 0.834320 0.304734 0.015779 0.059172 1
0 0.335306 0.381657 0.067061 0.071006 0
6 0.365878 0.494083 0.037475 0.177515 1
6 0.305720 0.457101 0.019724 0.121302 1
6 0.284024 0.477811 0.031558 0.174556 1
6 0.247535 0.488166 0.037475 0.207101 1
6 0.198225 0.477811 0.021696 0.168639 1
7 0.172584 0.448225 0.025641 0.127219 0
6 0.222880 0.483728 0.019724 0.174556 0
6 0.075937 0.538462 0.045365 0.307692 0
6 0.122288 0.519231 0.039448 0.239645 0
8 0.249507 0.158284 0.025641 0.062130 0
8 0.273176 0.221893 0.033531 0.041420 0
8 0.216963 0.295858 0.027613 0.035503 0
