9 0.509375 0.596875 0.018750 0.047917 0
9 0.493750 0.597917 0.015625 0.045833 0
9 0.071094 0.412500 0.007812 0.025000 0
9 0.946875 0.537500 0.012500 0.037500 1
9 0.909375 0.584375 0.012500 0.043750 1
9 0.207813 0.340625 0.009375 0.027083 1
9 0.127344 0.351042 0.010937 0.031250 1
9 0.765625 0.412500 0.021875 0.070833 1
0 0.371094 0.555208 0.048438 0.056250 0
0 0.407813 0.573958 0.056250 0.043750 1
8 0.487500 0.732292 0.025000 0.031250 1
8 0.470313 0.670833 0.021875 0.062500 0
8 0.171875 0.621875 0.031250 0.031250 0
8 0.340625 0.459375 0.012500 0.027083 0
9 0.435937 0.400000 0.012500 0.050000 0
8 0.615625 0.446875 0.043750 0.039583 1
8 0.817969 0.481250 0.051562 0.083333 1
