6 0.545312 0.686806 0.065625 0.368056 1
0 0.353516 0.591667 0.139844 0.144444 1
0 0.465625 0.571528 0.078125 0.084722 1
0 0.729297 0.552083 0.044531 0.048611 1
0 0.929688 0.561806 0.128125 0.176389 1
0 0.851953 0.550000 0.033594 0.050000 0
9 0.451953 0.349306 0.017969 0.065278 1
9 0.192969 0.529167 0.020313 0.033333 0
6 0.096094 0.619444 0.020313 0.072222 0
0 0.619922 0.555556 0.025781 0.050000 1
0 0.650391 0.551389 0.024219 0.038889 1
0 0.812500 0.539583 0.031250 0.034722 1
0 0.263672 0.607639 0.050781 0.065278 1
