4 0.374506 0.659292 0.424901 0.292035 0
4 0.767787 0.488201 0.132411 0.156342 0
4 0.332016 0.505900 0.075099 0.079646 0
0 0.889328 0.479351 0.142292 0.103245 0
10 0.903162 0.514749 0.023715 0.079646 1
10 0.822134 0.514749 0.015810 0.061947 0
10 0.750000 0.513274 0.017787 0.064897 0
10 0.688735 0.513274 0.013834 0.058997 0
10 0.639328 0.511799 0.013834 0.056047 0
10 0.594862 0.513274 0.015810 0.053097 0
10 0.553360 0.514749 0.015810 0.050147 0
10 0.517787 0.513274 0.015810 0.041298 0
10 0.483202 0.516224 0.013834 0.041298 0
10 0.427866 0.520649 0.009881 0.038348 0
10 0.455534 0.519174 0.009881 0.041298 0
10 0.402174 0.520649 0.009881 0.038348 0
10 0.377470 0.523599 0.007905 0.032448 0
10 0.352767 0.525074 0.009881 0.035398 0
10 0.315217 0.525074 0.013834 0.029499 0
10 0.243083 0.528024 0.007905 0.029499 0
10 0.091897 0.529499 0.009881 0.032448 0
