0 0.149649 0.435328 0.133489 0.256757 1
6 0.236534 0.461390 0.015925 0.069498 0
6 0.599063 0.464286 0.037471 0.193050 1
6 0.486183 0.433880 0.024356 0.182432 1
6 0.455972 0.429537 0.019204 0.169884 1
6 0.783138 0.463320 0.011241 0.110039 1
6 0.807963 0.467664 0.011241 0.053089 0
6 0.695785 0.433398 0.007963 0.057915 0
6 0.530679 0.493243 0.037471 0.108108 0
6 0.550117 0.412162 0.008899 0.057915 0
6 0.614754 0.421332 0.011710 0.103282 0
6 0.411710 0.450290 0.023419 0.089768 0
6 0.413115 0.398166 0.021546 0.091699 0
