9 0.350763 0.318352 0.008715 0.042447 1
9 0.381990 0.321473 0.008715 0.041199 0
9 0.411402 0.323346 0.010893 0.042447 1
8 0.329702 0.318976 0.014524 0.026217 1
9 0.824256 0.438826 0.008715 0.028714 0
0 0.677560 0.493758 0.146696 0.128589 1
0 0.078431 0.478152 0.050835 0.049938 1
0 0.222585 0.481273 0.118373 0.078652 1
0 0.110748 0.470037 0.031227 0.053683 0
0 0.164851 0.479401 0.031954 0.042447 0
0 0.152869 0.475655 0.015251 0.029963 0
0 0.557734 0.496255 0.059550 0.078652 0
5 0.428831 0.519351 0.054466 0.029963 0
6 0.556282 0.488764 0.013072 0.098627 0
6 0.498911 0.488764 0.011619 0.098627 1
6 0.510167 0.488140 0.009441 0.087391 0
6 0.521060 0.491261 0.015251 0.088639 0
6 0.529412 0.490012 0.011619 0.091136 0
9 0.976035 0.187890 0.023239 0.093633 0
0 0.018155 0.480649 0.034858 0.049938 0
