6 0.269294 0.691176 0.059018 0.180995 0
5 0.240404 0.769231 0.196863 0.228507 0
8 0.558811 0.138009 0.042922 0.085973 1
8 0.631655 0.128394 0.041684 0.084842 1
9 0.445728 0.210973 0.028890 0.035068 1
9 0.482872 0.203620 0.030541 0.033937 1
9 0.518778 0.199661 0.032191 0.037330 1
0 0.750929 0.498869 0.015270 0.029412 1
0 0.168386 0.476244 0.094924 0.099548 1
0 0.286215 0.486425 0.082955 0.088235 1
0 0.031779 0.447964 0.062732 0.149321 0
0 0.228642 0.464367 0.050351 0.073529 0
0 0.343376 0.489253 0.051176 0.075792 0
0 0.461205 0.494344 0.060669 0.058824 0
5 0.434792 0.453054 0.069748 0.080317 0
0 0.724928 0.496606 0.012794 0.036199 0
0 0.949236 0.504525 0.099051 0.180995 0
0 0.920553 0.486991 0.082955 0.091629 0
0 0.920759 0.455882 0.059430 0.115385 0
0 0.873917 0.499434 0.062319 0.136878 0
