6 0.562733 0.882622 0.126708 0.190041 0
5 0.450104 0.833333 0.148240 0.274390 0
8 0.670393 0.408537 0.018219 0.081301 1
0 0.333333 0.455793 0.048861 0.078252 1
5 0.537474 0.514228 0.010766 0.058943 0
5 0.517391 0.503049 0.008696 0.042683 0
5 0.493168 0.498984 0.007453 0.036585 0
5 0.485300 0.488313 0.008282 0.041667 0
5 0.554037 0.508130 0.008282 0.044715 0
7 0.518012 0.480183 0.013251 0.049797 0
7 0.485093 0.465955 0.006211 0.043699 0
7 0.536439 0.493902 0.016977 0.073171 0
7 0.554244 0.487805 0.011180 0.065041 0
7 0.494203 0.477134 0.008696 0.047764 0
