8 0.378538 0.495213 0.033798 0.077660 1
8 0.379594 0.420213 0.030841 0.068085 1
0 0.952894 0.570745 0.064639 0.098936 1
0 0.892480 0.583511 0.052809 0.086170 1
0 0.282214 0.632447 0.027883 0.058511 1
0 0.038023 0.572340 0.059992 0.072340 0
0 0.078369 0.586170 0.037600 0.076596 0
6 0.414660 0.644149 0.020701 0.160638 0
9 0.271229 0.485106 0.014364 0.019149 0
6 0.353401 0.907979 0.138995 0.184043 0
5 0.422264 0.915426 0.218420 0.169149 0
0 0.659907 0.570213 0.116603 0.068085 0
0 0.622518 0.562234 0.097592 0.079787 0
