7 0.688695 0.538803 0.092269 0.507761 0
5 0.742519 0.669069 0.183292 0.384701 0
7 0.455528 0.379157 0.019950 0.082040 0
5 0.450540 0.420177 0.054863 0.113082 0
5 0.147548 0.414634 0.032419 0.110865 0
5 0.232544 0.369180 0.039485 0.062084 0
4 0.015378 0.463969 0.029925 0.136364 0
6 0.025145 0.384146 0.012884 0.194013 0
6 0.086035 0.449557 0.026600 0.249446 1
6 0.856193 0.371397 0.009144 0.059867 0
6 0.889235 0.376940 0.007897 0.062084 0
6 0.895885 0.374169 0.007897 0.058758 0
6 0.548836 0.358647 0.004572 0.043237 0
6 0.630715 0.361973 0.006234 0.049889 0
6 0.637988 0.361419 0.008313 0.064302 0
7 0.480673 0.355322 0.008728 0.054324 0
5 0.480673 0.381375 0.006234 0.039911 0
0 0.706359 0.440133 0.195761 0.217295 0
0 0.376559 0.383038 0.040732 0.087583 1
0 0.305902 0.384146 0.049875 0.107539 1
0 0.285121 0.369180 0.028263 0.068736 0
0 0.406692 0.347007 0.020366 0.050998 0
0 0.422901 0.354213 0.011222 0.023282 0
8 0.259559 0.284368 0.013716 0.041020 1
6 0.918121 0.368071 0.005819 0.048780 0
6 0.958645 0.369734 0.007897 0.036585 0
