6 0.284375 0.619438 0.046875 0.185012 1
10 0.030469 0.763466 0.029687 0.103044 1
10 0.062500 0.775176 0.037500 0.112412 1
10 0.096875 0.759953 0.043750 0.100703 1
0 0.473438 0.429742 0.100000 0.110070 1
0 0.370312 0.396956 0.093750 0.105386 1
0 0.268750 0.365340 0.059375 0.088993 1
2 0.181250 0.402810 0.109375 0.149883 0
8 0.364063 0.284543 0.028125 0.044496 1
8 0.671094 0.105386 0.189062 0.051522 1
8 0.736719 0.211944 0.107813 0.063232 1
6 0.992188 0.592506 0.015625 0.145199 0
0 0.928125 0.385246 0.100000 0.058548 0
