6 0.598633 0.711712 0.123047 0.265766 1
6 0.212891 0.805180 0.136719 0.378378 1
6 0.070801 0.823198 0.120117 0.317568 1
6 0.110352 0.462275 0.039062 0.104730 0
6 0.018555 0.461712 0.033203 0.128378 0
6 0.041016 0.436374 0.021484 0.095721 0
6 0.923340 0.474662 0.034180 0.091216 0
6 0.886719 0.462275 0.029297 0.077703 0
6 0.843262 0.464527 0.022461 0.082207 0
6 0.676758 0.403716 0.025391 0.073198 0
1 0.316895 0.360360 0.118164 0.202703 0
1 0.451172 0.340090 0.078125 0.164414 0
6 0.707520 0.402027 0.016602 0.054054 0
6 0.178223 0.386261 0.016602 0.076577 0
