6 0.218750 0.662736 0.068750 0.301887 1
6 0.337500 0.656840 0.090625 0.318396 1
6 0.137500 0.576651 0.059375 0.308962 0
6 0.403125 0.536557 0.021875 0.158019 0
6 0.431250 0.522406 0.028125 0.143868 0
0 0.515625 0.489387 0.043750 0.058962 0
0 0.834375 0.509434 0.150000 0.136792 1
0 0.640625 0.488208 0.059375 0.056604 0
0 0.709375 0.484670 0.050000 0.054245 0
0 0.584375 0.474057 0.031250 0.037736 0
9 0.595313 0.187500 0.015625 0.106132 1
8 0.543750 0.206368 0.025000 0.044811 1
9 0.094531 0.336085 0.023438 0.077830 0
9 0.035937 0.056604 0.028125 0.103774 0
