7 0.775000 0.559722 0.225000 0.769444 1
6 0.109375 0.365278 0.071875 0.391667 1
0 0.299219 0.393056 0.342187 0.225000 1
0 0.609375 0.373611 0.181250 0.180556 1
10 0.193750 0.484722 0.028125 0.130556 1
10 0.317969 0.483333 0.039062 0.150000 1
10 0.458594 0.463889 0.029687 0.138889 1
10 0.606250 0.461111 0.046875 0.144444 1
10 0.621094 0.443056 0.020313 0.119444 0
0 0.473438 0.329167 0.137500 0.169444 0
0 0.061719 0.350000 0.114062 0.155556 0
0 0.684375 0.336111 0.109375 0.133333 0
0 0.912500 0.330556 0.140625 0.122222 0
0 0.968750 0.283333 0.062500 0.144444 0
9 0.176563 0.084722 0.031250 0.108333 0
