0 0.679012 0.496879 0.145243 0.137328 1
0 0.558460 0.496879 0.063907 0.097378 0
6 0.497821 0.485643 0.015251	0.094881  1
6 0.508715 0.488140 0.012346	0.099875  1
6 0.521423 0.490012 0.011619	0.103620  1
5 0.423384 0.523720 0.055192 0.043695 0
6 0.557008 0.491261 0.014524	0.091136  1
9 0.411038 0.324594 0.008715	0.047441  1
9 0.381990 0.322097 0.013072	0.047441  0
9 0.351126 0.320849 0.012346	0.042447  1
0 0.222948 0.477528 0.116195 0.083645 1
0 0.076616 0.479401 0.048656 0.057428 1
0 0.111837 0.472534 0.026144 0.061174 0
0 0.157589 0.476280 0.029049 0.043695 0
0 0.020697 0.482522 	0.039942 0.043695 0
9 0.824982 0.440075 0.013072 0.046192 1
9 0.975309 0.186642 0.023239	0.098627  0
8 0.328613 0.318352 0.015251 0.022472 1
