0 0.620843 0.336565 0.318735 0.224377 1
7 0.401865 0.306094 0.080292 0.304709 1
0 0.307786 0.382964 0.106245 0.112188 1
0 0.217762 0.404432 0.075426 0.072022 1
0 0.160178 0.412742 0.033252 0.038781 0
0 0.122060 0.407895 0.033252 0.048476 1
0 0.079075 0.422438 0.020276 0.030471 0
0 0.035685 0.418283 0.021087 0.036011 0
9 0.152879 0.326177 0.008921 0.023546 1
9 0.190187 0.328255 0.017032 0.027701 1
9 0.215328 0.331717 0.010543 0.026316 1
0 0.614761 0.578255 0.324412 0.206371 0
7 0.403082 0.611496 0.097324 0.286704 0
0 0.306569 0.515928 0.103812 0.106648 0
0 0.216139 0.492382 0.080292 0.078947 0
0 0.122871 0.485457 0.034874 0.065097 0
