9 0.304688 0.111806 0.029687 0.090278 0
1 0.661719 0.549306 0.056250 0.118056 1
9 0.745313 0.256944 0.020313 0.100000 0
0 0.807813 0.593056 0.068750 0.097222 1
0 0.746484 0.566667 0.033594 0.083333 0
0 0.583984 0.574306 0.028906 0.051389 1
0 0.528516 0.578472 0.077344 0.112500 1
6 0.130859 0.605556 0.017969 0.113889 1
6 0.175391 0.680556 0.102344 0.330556 1
6 0.341016 0.674306 0.052344 0.220833 1
6 0.423828 0.593056 0.021094 0.097222 1
0 0.428906 0.586806 0.068750 0.093056 0
0 0.470703 0.581944 0.033594 0.061111 0
9 0.286719 0.496528 0.012500 0.056944 1
0 0.041406 0.640278 0.081250 0.147222 0
9 0.603125 0.485417 0.007812 0.026389 1
