0 0.696633 0.708122 0.184606 0.218274 1
0 0.349369 0.728426 0.202044 0.289340 0
0 0.071257 0.673223 0.043897 0.052030 1
0 0.177691 0.678934 0.023452 0.038071 1
0 0.155141 0.670685 0.020445 0.031726 1
0 0.108539 0.662437 0.019844 0.017766 0
0 0.182802 0.655457 0.012026 0.019036 0
0 0.220084 0.676396 0.020445 0.035533 0
8 0.592604 0.482868 0.024654 0.059645 1
8 0.287432 0.354695 0.092604 0.120558 1
8 0.173181 0.349619 0.086590 0.123096 1
8 0.226999 0.481599 0.023452 0.072335 1
8 0.162357 0.547589 0.027661 0.054569 0
8 0.195430 0.555838 0.028863 0.048223 0
